x = [0, 3, 4, 18, 256] ~= 4;